Tb=1/1200;
Ts=Tb/8;
F0=1800;